169 102
130.1 488 13 116 67 165 10 125 103 34 29 29 1150 20 133 141 42 88 39 122 453 65 460 586 192 214 186 116 54 661 1107 923 448 1178 1037 827 83 125 257 827 625 57 553 1068 929 808 737 513 821 854 558 482 35 167 122 48 429 187 10 81 219 24 635 10 55 135 180 67 577 111 164 599 14 523 594 416 534 616 486 416 10 642 654 828 717 847 493 832 616 563 135 10 224 416 1017 746 703 627 232 649 280 616
412.6 547 28 201 80 407 10 535 10 10 151 101 465 16 182 10 50 53 44 901 450 10 451 441 359 371 392 451 10 532 463 699 525 454 440 637 41 523 300 429 539 16 664 616 601 627 584 623 626 722 659 689 456 247 580 758 376 838 100 267 609 241 765 82 419 589 523 52 424 310 1064 496 813 622 642 692 854 750 733 457 10 627 870 373 678 815 656 675 808 561 959 10 805 1070 672 597 971 501 612 980 695 616
503.4 720 10 125 10 103 10 340 10 10 122 82 683 10 123 21 10 30 10 543 688 10 611 656 432 541 632 471 10 587 616 887 736 667 869 753 10 752 301 571 641 10 789 832 709 772 785 658 755 741 1239 1116 132 394 736 208 708 546 10 175 885 70 1133 31 339 660 1027 10 786 785 1147 887 54 881 814 1102 1219 997 864 876 10 807 1385 466 1007 1306 1031 908 883 713 708 10 590 1031 1098 806 1050 678 803 1301 804 962
198.6 10 52 468 141 327 10 63 680 46 170 342 10 1085 30 627 50 412 53 10 10 797 221 119 10 10 10 71 822 10 10 10 10 10 10 174 10 35 408 166 10 1033 29 10 10 10 10 10 10 10 120 10 32 10 19 110 50 10 301 343 142 352 10 459 313 226 200 10 26 138 175 10 148 10 10 182 10 41 57 52 27 10 10 10 52 69 161 10 24 10 10 10 93 10 95 10 10 10 10 58 10 10
471.9 686 10 130 263 257 10 642 10 10 528 255 637 10 300 10 10 129 10 990 730 10 580 507 667 542 606 513 10 599 523 460 642 500 630 579 343 647 312 495 568 10 821 618 823 934 860 753 781 891 886 800 345 370 682 482 422 805 734 712 863 564 1021 10 996 777 760 127 709 613 1138 644 794 762 889 1118 1087 1239 884 616 13 659 932 516 885 916 753 867 1439 792 1157 10 1090 1265 640 842 1136 634 1433 761 892 513
445.3 441 143 242 176 248 233 464 10 46 92 156 604 10 147 228 44 121 141 894 633 10 549 442 176 292 324 423 10 454 564 819 626 665 658 686 212 274 208 423 463 23 629 685 605 617 683 461 575 664 1270 880 334 290 594 827 553 916 583 140 615 396 1362 155 710 1014 920 128 771 511 1384 825 684 949 800 1208 1237 904 859 568 247 709 1431 354 1066 1266 884 911 1273 747 1064 358 960 1382 779 806 1214 588 679 1435 700 884
610.1 629 10 365 226 424 10 627 10 10 551 325 640 10 158 14 10 121 28 1009 626 12 694 685 594 541 649 531 50 601 519 756 573 574 649 541 149 659 253 450 602 51 609 586 605 692 676 515 569 629 1059 1001 1027 490 1082 1097 683 943 340 527 984 549 1222 131 493 1288 1123 84 707 708 1524 831 1688 738 905 1078 1214 883 867 777 27 654 642 427 882 1121 1047 728 933 651 1150 24 1067 1037 806 664 930 702 791 696 777 859
788.4 869 430 964 591 1173 18 1110 10 10 969 664 948 10 240 10 10 438 10 1483 842 10 697 775 886 947 1264 931 10 873 700 928 977 753 857 825 598 1763 486 658 782 10 1158 1032 879 813 898 730 880 927 1409 1193 2179 956 1248 2237 996 1065 748 994 1377 996 1642 462 1359 1714 1392 10 857 888 2256 942 2651 1162 911 1371 1480 1123 1326 1303 68 907 1265 670 1224 1416 1375 1181 1784 1147 1823 10 1535 1470 1062 1074 1295 774 1214 1500 900 1071
260.1 418 34 163 39 219 17 340 19 16 92 41 352 10 91 10 20 35 32 637 335 29 341 299 209 238 262 333 33 329 278 425 416 289 393 359 10 290 174 244 391 132 407 359 482 509 507 440 452 468 462 613 264 154 429 347 411 629 16 135 439 103 597 59 253 387 385 43 398 310 692 421 305 414 454 557 475 542 430 395 26 472 503 245 527 511 437 550 556 364 649 43 550 733 369 481 615 489 481 662 486 495
376.7 692 141 509 715 1124 26 1176 141 21 956 515 1105 10 386 185 10 275 10 1270 1489 223 763 941 914 898 922 812 10 908 1191 1073 674 1184 762 1321 770 752 1239 1332 1338 171 1020 1060 742 674 661 743 797 909 838 497 705 379 1108 905 493 816 431 295 884 394 670 171 527 407 265 40 637 427 768 528 743 497 649 632 731 626 824 692 242 430 1003 1139 575 756 709 913 941 657 1078 10 884 982 1354 505 677 706 911 475 436 633
578.3 632 347 550 1044 794 157 738 10 72 644 357 541 65 482 127 10 312 106 1070 652 10 527 507 554 576 671 734 10 597 484 576 554 480 582 572 365 686 430 481 676 10 660 577 647 589 657 664 681 639 699 864 994 530 802 1481 588 890 1631 816 728 968 980 603 813 879 774 158 585 594 1160 589 1811 759 702 865 925 768 772 780 391 670 748 474 656 857 802 636 902 687 1042 39 930 1050 591 663 867 759 859 758 713 586
358.9 442 241 715 636 707 10 744 10 93 567 380 512 34 141 53 32 259 10 769 531 41 498 447 553 591 687 486 10 511 393 444 492 575 467 601 394 755 319 362 491 10 516 526 439 473 470 413 508 530 616 581 834 552 582 1184 534 617 1347 232 671 655 738 300 440 894 510 110 426 396 889 400 1177 448 365 600 549 549 680 701 140 471 611 428 579 648 639 589 827 551 911 10 792 763 544 465 626 423 710 411 441 451
649.6 668 306 853 538 870 212 850 10 10 807 545 599 10 441 217 10 338 112 954 542 10 531 665 684 736 777 783 10 640 500 579 719 740 715 805 469 979 543 641 689 10 838 632 653 627 530 537 660 778 926 868 1533 732 885 1408 523 800 761 846 930 863 1091 605 902 1072 860 144 521 694 1391 621 1274 783 683 916 853 788 911 1000 238 665 1080 667 861 1008 930 865 1033 814 1225 10 1050 1094 648 598 913 584 857 875 687 727
386.6 300 338 448 161 582 26 489 10 10 448 305 301 10 58 10 18 131 11 529 347 10 396 419 332 413 397 478 17 333 376 306 419 426 339 340 333 435 284 337 252 67 368 381 283 282 353 217 354 321 495 516 1013 516 477 760 473 439 20 224 551 220 628 514 541 521 505 30 490 482 763 366 686 455 311 408 541 318 395 581 57 385 541 316 525 520 441 378 266 468 554 31 558 416 401 412 490 198 312 296 251 379
379.9 456 45 121 177 131 298 279 10 78 572 445 414 10 376 211 15 364 151 184 518 10 298 383 445 584 561 432 10 498 496 403 459 367 424 509 988 545 474 500 495 92 573 474 423 452 451 485 500 493 295 358 78 303 425 94 220 238 442 338 461 228 243 57 135 78 239 139 338 351 293 293 88 416 364 350 312 465 441 359 552 372 575 508 358 401 350 546 535 427 505 67 362 306 630 486 362 292 585 271 379 434
388.8 470 333 432 496 762 138 699 15 55 713 417 379 10 207 120 20 282 81 749 398 47 386 459 472 558 560 583 10 457 425 508 443 468 433 475 483 546 322 374 416 24 564 489 436 389 494 455 449 475 622 574 803 409 643 1108 375 663 231 332 513 521 623 373 820 612 415 97 377 404 761 350 1226 393 417 417 565 648 560 562 175 458 635 393 400 459 434 493 837 570 839 43 666 640 432 381 530 348 623 914 471 507
848.3 865 106 547 310 452 134 794 91 62 634 485 1171 13 387 57 35 348 96 1270 1052 42 983 925 687 746 803 829 51 767 869 966 988 1017 1103 1185 436 1047 534 1005 922 132 1199 1169 1055 1012 1102 692 975 1073 1255 996 526 625 862 773 851 1031 377 611 1126 586 1448 204 819 1106 1400 184 1027 868 1435 1169 1081 1208 972 1449 1329 915 1168 904 75 801 1499 757 1221 1438 1226 1206 1026 1004 1352 56 1281 1519 994 984 1323 848 984 1433 856 1063
432.6 396 199 622 607 826 483 765 45 130 796 582 507 74 391 287 92 490 197 584 276 62 418 475 491 601 743 440 43 514 435 498 556 593 592 603 669 590 390 416 364 98 563 644 390 342 434 302 433 409 681 658 1320 615 659 1161 500 586 1112 883 539 1118 817 479 886 817 586 164 488 550 1024 455 1286 586 416 504 729 537 659 732 602 451 767 508 602 694 658 564 638 760 755 583 815 627 452 455 592 341 508 543 377 506
611 725 326 548 103 989 229 1176 36 159 252 110 913 180 187 135 116 122 210 1382 1033 123 912 974 592 695 852 808 104 897 995 836 908 973 1192 1089 36 644 663 950 960 62 1069 972 876 890 896 787 886 977 1437 1037 528 345 1072 1146 809 912 13 276 981 188 1141 252 715 910 930 231 844 774 1353 949 1031 962 899 855 1168 952 945 1067 10 778 1273 851 985 1141 1465 1007 1380 998 1289 92 1271 1308 1073 952 1194 825 1237 1645 812 1040
704.6 838 265 712 356 1242 186 1388 315 92 458 237 1185 31 361 10 10 178 131 2030 1309 81 1077 1105 901 918 1100 813 195 1084 1087 954 1009 1007 1455 1458 10 921 695 1150 1347 10 1272 1283 1098 1053 1139 1055 1025 1228 1521 1049 753 518 1295 1371 838 1070 386 544 1150 398 1251 284 936 1081 1290 301 1004 1090 1628 1181 1554 1144 1188 1265 1383 1070 1279 1105 144 802 1599 983 1013 1326 1743 1228 1733 1115 1701 10 1572 1781 1215 1064 1356 1136 1784 2366 898 1178
2185.8 1283 2437 3362 3087 3628 1299 2652 10 377 2653 2750 1734 197 2210 1420 14 2194 704 2398 1541 19 1878 2194 1694 1958 2412 2470 69 1662 1895 1498 1703 2053 1864 2308 3359 3251 2245 2295 1567 10 2109 1922 1310 1469 1506 1068 1394 1606 2517 1658 3823 2404 2046 3401 1928 1280 3575 3424 2278 4279 2461 3050 3700 2418 2881 1019 1760 2218 3007 1964 3569 2230 1624 2335 2073 1545 2482 2687 2214 1130 2561 2465 1864 2250 2647 1764 2489 2338 2229 193 2651 2087 1913 1531 1831 1202 2281 2386 1377 1431
269.7 537 286 430 183 686 21 516 10 10 510 253 459 10 66 10 10 142 52 971 375 10 371 221 534 387 612 374 10 367 259 439 543 464 653 482 227 676 271 362 430 10 630 521 523 574 620 331 628 558 563 600 885 282 448 1170 369 695 10 194 535 174 647 282 401 567 351 10 374 347 781 378 1055 327 487 392 463 555 509 466 21 430 810 402 795 772 614 896 724 643 1232 10 842 1121 447 601 713 439 807 442 332 480
355.1 526 129 387 189 634 15 635 10 10 241 112 682 21 260 10 10 51 43 1117 735 29 684 428 380 263 344 556 10 560 639 704 580 687 706 636 30 365 443 541 735 10 818 797 707 706 761 744 723 808 891 753 657 317 596 1402 595 919 196 304 608 358 920 200 431 973 926 69 714 415 1308 746 1350 697 834 842 948 737 721 539 22 601 1052 560 867 940 829 787 1010 896 976 10 884 1131 721 731 997 810 943 933 827 771
281 348 89 327 78 408 10 401 10 10 198 98 417 21 54 10 10 67 10 683 387 10 373 318 256 265 313 276 11 328 304 478 390 363 470 357 148 309 133 224 319 10 309 395 337 319 474 351 364 331 575 561 538 268 329 1045 345 593 64 194 453 184 591 179 390 778 488 10 372 334 699 378 623 377 439 490 588 688 412 388 10 383 631 268 550 463 315 524 476 317 604 10 504 761 321 433 579 424 320 548 375 503
470.4 581 13 323 39 344 10 526 10 13 552 262 540 10 101 10 10 128 10 694 671 10 429 611 601 652 621 453 10 578 500 571 553 546 571 545 181 663 299 523 504 10 629 596 515 549 509 527 500 581 696 813 552 506 709 481 519 755 109 321 777 206 836 61 690 779 799 24 537 543 1049 563 595 747 621 717 867 662 858 767 49 604 745 486 764 777 706 625 643 643 1037 10 846 802 646 630 764 569 736 523 616 634
894.2 558 750 1154 976 1315 103 1113 10 10 1137 917 680 76 643 48 10 512 141 930 726 10 744 780 758 877 887 933 27 609 639 667 683 608 641 711 939 956 701 685 721 10 748 631 480 631 571 601 604 728 886 767 1451 830 1006 1635 791 787 860 1235 1005 1422 1009 1085 1373 1419 1035 340 686 887 1239 763 1806 778 691 899 925 729 991 912 243 618 932 681 725 906 760 704 1015 824 1201 13 1000 1015 630 556 850 533 928 701 624 700
255.4 555 17 207 10 387 10 384 10 10 131 54 442 10 60 10 10 10 10 911 431 10 405 341 372 346 391 337 10 414 314 481 452 365 498 419 48 438 132 300 372 10 500 551 599 560 683 550 586 593 659 750 476 197 528 932 384 872 30 99 477 73 729 23 317 590 480 10 398 317 979 450 948 705 607 729 796 677 626 475 10 599 708 268 663 730 541 632 727 460 967 10 695 998 439 536 774 556 539 793 576 661
1295.8 805 1422 1821 2036 2059 520 1573 12 153 1550 1383 972 41 835 673 26 1196 278 1338 921 10 1115 1114 958 1134 1264 1223 10 950 987 873 997 1133 1016 1100 1534 1466 1015 985 846 10 1180 1042 702 749 882 700 821 905 1354 1067 2236 1444 1042 2227 1184 997 1448 1407 1270 1626 1399 1683 2460 1938 1111 379 1113 1290 1721 985 2276 1091 832 987 1083 997 1279 1539 935 796 1391 1147 1026 1181 1266 999 1345 1335 1451 74 1415 1089 1009 950 997 695 1018 653 871 751
273.1 369 218 317 273 471 62 393 10 10 377 281 365 10 146 38 10 135 39 615 359 16 379 264 355 269 469 271 10 324 326 355 376 398 377 408 163 460 224 218 245 15 371 346 331 302 350 302 364 388 492 543 752 302 434 766 332 542 223 298 556 282 594 296 358 639 448 33 335 293 670 336 901 403 282 461 523 410 435 421 46 368 532 267 470 489 229 449 438 402 701 10 520 597 398 378 474 296 378 250 389 409
234.5 10 608 310 420 221 445 159 589 778 92 359 66 568 404 711 582 307 717 36 70 756 173 124 29 50 70 143 349 12 54 35 41 61 45 62 189 89 228 138 74 900 42 36 15 10 10 10 10 15 62 13 145 149 32 18 157 10 33 165 47 530 55 514 162 296 147 212 95 60 77 103 107 71 34 89 30 18 23 29 318 10 10 85 12 36 72 19 42 47 16 490 23 15 33 10 10 10 29 10 10 19
2085.6 1085 2526 3466 3136 3641 507 2672 204 198 2230 3006 1383 174 2436 1336 276 2469 789 2201 1885 162 1978 1731 1270 1746 1963 2214 165 1363 1397 1311 1510 1740 1742 1781 2233 3005 1702 1619 1459 198 2157 1962 1307 1172 1637 991 1170 1444 2174 1521 3746 2361 1959 3308 2244 1214 1847 2888 1757 3233 2000 3259 4112 3098 3062 531 2170 2620 2993 1745 3626 1891 1478 1907 2040 1232 1872 2353 1320 1106 2491 1768 1543 2007 2553 1682 1982 2516 2260 157 2450 1927 1771 1658 1456 1131 2099 2165 1231 1366
154.7 20 487 282 359 281 425 237 600 758 128 260 92 550 268 512 526 294 408 60 68 519 146 173 52 83 125 275 726 40 68 42 52 69 84 85 158 135 230 90 105 709 64 78 22 13 10 10 24 15 83 33 183 170 68 149 181 10 258 195 70 298 80 449 220 193 164 544 132 205 153 106 150 90 48 85 63 34 40 154 288 20 69 102 17 56 127 25 43 58 29 504 23 10 77 23 18 22 35 33 22 11
428.2 513 37 288 274 449 29 564 10 10 753 463 469 10 422 10 10 395 18 574 456 10 401 469 519 551 615 461 10 464 355 379 410 429 430 479 515 489 459 376 572 10 572 441 425 423 405 519 448 509 456 579 283 313 537 440 382 585 235 680 544 588 582 94 391 287 416 128 349 367 732 452 490 620 505 557 632 686 537 575 21 453 545 458 451 534 500 491 843 475 911 10 576 569 500 426 577 433 622 408 524 477
312.7 361 196 418 273 565 84 500 33 39 389 319 437 41 177 84 44 204 21 662 392 60 403 459 427 407 453 467 10 377 428 418 393 488 385 494 157 487 296 338 526 60 353 397 306 380 371 298 395 462 577 522 729 317 509 987 402 538 128 215 588 235 634 157 569 711 570 75 425 419 750 423 733 443 440 511 558 479 507 501 228 393 587 457 431 531 599 494 715 473 843 38 533 661 444 361 519 368 358 473 373 423
588.7 490 663 804 1140 1012 331 869 10 139 841 643 466 100 371 308 27 373 139 793 482 47 511 529 583 622 717 698 60 548 487 448 571 601 519 606 547 805 486 488 437 62 643 462 419 414 485 406 491 524 599 648 1064 640 682 1412 488 713 955 763 774 905 751 704 900 877 636 185 501 559 876 447 1229 529 467 448 659 493 663 726 509 482 737 545 588 636 593 576 669 672 1066 121 851 759 446 483 641 303 653 490 464 440
339.2 436 100 432 346 555 196 485 20 18 446 303 337 39 164 57 19 195 28 541 296 36 373 368 396 441 399 378 10 378 370 327 393 480 369 347 370 445 264 339 265 14 437 452 348 338 379 323 425 431 441 424 857 540 420 897 421 570 375 381 452 365 614 299 450 645 458 56 353 370 621 308 833 374 296 361 549 498 546 565 177 473 517 387 505 479 242 469 530 522 694 10 527 503 381 421 529 206 429 308 430 393
396 426 354 548 328 819 90 548 10 10 414 315 500 10 264 28 10 297 10 759 396 10 441 439 407 463 456 468 10 379 358 553 454 432 440 486 276 594 424 374 446 10 527 557 467 509 493 389 443 494 636 633 783 408 572 1399 559 788 161 335 656 444 786 475 909 869 792 43 527 595 877 449 1028 585 535 626 839 718 898 529 135 567 793 332 692 723 623 596 691 463 1029 10 790 1098 443 483 868 469 461 845 439 613
429.6 558 127 306 144 546 34 578 85 41 285 144 588 57 183 54 10 76 85 1019 559 55 587 611 429 426 487 574 10 528 464 590 586 480 596 630 80 605 352 492 603 62 654 686 634 674 623 557 563 583 888 767 808 241 487 1243 520 793 80 413 800 407 1003 181 635 977 955 113 551 449 1232 703 1397 773 764 979 880 1034 825 647 84 453 915 417 786 950 760 717 1066 642 1212 10 904 1290 590 613 1001 600 865 1172 655 714
687 689 725 948 410 1168 116 1051 10 10 964 818 713 10 185 70 10 475 10 1084 681 10 730 797 940 910 1051 839 10 728 727 690 864 848 886 904 465 1340 536 794 554 10 899 871 772 668 801 539 770 785 1098 989 1607 816 911 2002 827 880 110 484 1008 601 1255 751 1207 1497 1143 16 682 776 1350 812 1795 881 771 786 1139 921 1184 1108 68 766 1178 808 885 1168 937 940 1071 768 1379 10 1221 1220 708 733 1061 625 916 715 654 802
595.3 524 507 816 708 808 149 851 30 46 803 530 551 47 354 197 10 382 90 787 414 10 549 431 535 501 680 654 10 518 508 489 536 584 527 618 606 722 565 541 567 10 614 518 458 462 469 452 488 549 652 710 1208 753 869 1399 484 690 752 736 618 931 835 648 969 1070 585 142 459 478 942 521 1463 560 551 610 731 735 692 748 138 505 693 669 607 701 582 594 890 655 891 27 757 755 468 417 638 457 661 646 552 436
371.7 604 23 76 47 88 20 153 42 31 523 321 652 18 250 38 10 141 34 197 648 10 395 459 600 647 648 285 24 833 564 615 602 599 522 592 316 663 376 523 422 90 540 680 588 483 534 552 499 515 772 815 68 381 388 111 291 332 63 268 764 97 695 68 192 138 513 36 560 536 397 467 108 896 589 539 684 494 976 739 47 734 725 528 801 809 721 758 714 567 520 10 473 527 777 785 722 529 657 647 500 591
215.9 12 877 563 529 355 644 250 795 1002 142 360 38 1163 362 640 1211 441 695 41 81 767 173 149 36 20 48 311 1348 32 63 31 54 16 22 91 467 119 306 107 149 836 47 58 11 15 21 20 13 11 94 28 246 233 66 187 182 21 198 383 77 356 92 598 283 320 190 575 133 246 117 121 163 78 38 78 41 19 39 142 450 15 63 59 21 45 146 35 17 73 29 697 52 26 33 13 18 11 13 17 25 17
319.9 373 433 469 744 606 271 652 10 90 493 271 295 61 233 208 10 260 132 543 290 11 360 379 336 443 454 564 10 363 362 363 403 413 386 322 328 430 291 308 223 10 496 375 296 294 417 291 364 391 413 524 921 521 448 1050 442 468 748 438 420 503 543 506 620 702 358 181 378 385 718 240 958 390 297 321 501 389 412 633 485 374 619 406 416 440 391 455 551 530 665 52 399 428 375 400 430 230 437 318 334 358
427.6 663 103 492 110 697 10 695 10 10 354 175 723 10 87 10 10 20 10 1302 715 10 537 535 530 567 716 612 10 740 563 642 689 587 802 575 12 732 306 468 637 10 712 736 750 684 769 675 714 800 863 919 866 354 667 1822 747 998 10 241 805 232 1139 136 627 1100 765 14 784 575 1516 693 1586 850 850 988 978 916 988 904 10 776 1159 421 915 1071 841 892 957 578 1323 10 975 1185 653 622 1002 716 971 960 690 767
1210 911 1236 1415 2651 1618 448 1514 10 23 1854 1474 1011 10 1103 676 10 1254 216 1471 1014 10 988 927 1067 1205 1455 1356 10 1033 872 820 978 932 921 981 1484 1626 942 938 1063 10 1117 844 794 865 793 810 831 953 1220 1146 1926 1002 1308 2430 1071 1053 4075 2536 1461 3134 1497 1644 1900 2136 1641 614 976 1156 2194 1241 3095 1270 1127 1475 1180 1086 1546 1470 907 845 1310 863 975 1247 1261 996 1399 1027 1684 10 1605 1306 1099 889 1234 786 1571 1288 960 840
417.3 625 10 212 18 215 10 411 10 10 385 193 476 20 77 10 10 60 10 616 558 12 475 403 567 526 551 377 20 529 426 619 573 498 520 513 127 672 186 400 464 10 584 573 581 652 660 492 635 610 759 835 410 397 618 353 499 714 10 271 765 233 987 38 401 598 692 12 546 488 962 594 407 727 654 817 805 833 875 635 16 669 895 284 872 776 632 802 831 618 972 10 759 883 650 710 888 590 727 853 625 707
699.7 383 140 588 222 788 13 576 10 10 482 403 345 10 134 14 10 279 10 640 276 10 473 477 389 557 524 735 10 432 431 550 541 560 490 528 183 620 265 391 421 10 459 501 298 290 413 266 355 359 475 325 809 381 718 778 718 414 12 146 637 129 374 189 528 731 551 10 791 993 682 465 612 683 422 335 513 421 437 598 31 408 679 382 444 444 731 486 310 541 485 10 618 399 594 423 318 269 256 219 319 383
856.9 745 57 363 73 807 10 778 10 10 659 400 892 10 391 10 10 114 10 980 959 63 885 804 775 821 1007 647 10 843 714 767 793 794 875 960 320 1076 466 778 784 10 973 934 880 820 883 753 938 981 1040 1043 858 523 945 1152 864 896 69 675 1127 717 1291 251 846 1134 1206 39 866 740 1409 950 1164 850 906 1137 1186 844 1204 1018 10 836 1307 734 991 1182 895 967 1313 965 1404 10 1312 1196 886 897 1244 691 1226 1182 825 955
531 619 184 356 368 771 135 619 94 59 630 404 889 71 406 30 49 344 114 1203 840 46 630 893 667 686 735 735 34 794 920 814 626 779 698 927 624 686 845 952 994 29 855 936 684 680 542 740 708 691 861 704 465 387 777 552 425 840 319 360 835 386 679 362 520 595 714 140 697 685 1016 538 453 1003 901 614 689 1046 780 655 148 605 1074 713 685 923 757 892 822 564 1192 41 983 1016 1524 634 759 760 861 848 536 680
249.5 40 703 478 465 383 471 291 664 765 164 346 74 802 458 732 760 418 664 82 109 828 206 248 65 76 135 241 621 85 89 61 69 73 70 120 179 96 318 46 89 1130 43 46 35 10 55 38 32 44 129 79 345 282 60 233 245 61 208 280 75 427 108 593 326 372 279 402 213 288 198 114 242 106 71 146 77 60 89 229 347 24 100 115 17 97 110 41 27 77 16 800 81 16 21 47 54 53 55 10 35 56
954.5 851 735 1343 2219 1513 412 1241 10 152 1269 951 902 101 884 668 21 725 420 1353 997 71 835 1062 936 1136 1251 1406 10 988 826 1083 1070 1119 1065 1053 739 1400 734 1115 895 10 1340 1160 872 898 1010 734 941 1048 1353 1251 2050 1161 1302 2095 999 1026 2574 2106 1365 2756 1545 1581 1836 1763 1404 542 1024 1021 2011 1074 2612 1446 1004 1300 1355 1087 1530 1575 810 925 1708 1147 1256 1538 1402 1149 1598 1406 1780 428 1502 1376 1182 1116 1316 760 1369 1336 962 1027
591.3 560 102 530 288 707 136 824 15 16 768 579 550 10 252 75 12 346 27 799 523 23 541 676 571 618 775 665 17 613 514 592 663 609 583 589 480 826 459 532 501 77 672 530 545 520 645 465 576 633 793 785 971 632 696 1151 541 727 162 402 758 510 883 231 1075 933 710 142 519 603 1096 596 1125 625 549 655 860 673 776 832 71 597 765 503 712 721 775 678 684 659 1011 17 814 886 584 608 760 488 552 377 606 507
572.1 536 568 912 1069 1112 211 934 18 99 832 680 560 66 419 179 18 382 192 705 454 29 569 671 435 588 670 828 10 518 553 549 562 606 592 473 475 759 608 470 414 10 686 606 402 456 545 382 552 516 988 709 1068 607 632 1345 707 617 766 815 719 806 779 464 946 934 625 569 510 541 1073 553 1500 634 421 654 686 671 670 813 227 503 737 663 589 639 572 605 782 737 820 10 656 612 571 534 647 352 585 549 468 556
202.1 468 10 207 10 379 10 338 10 10 55 28 446 10 10 10 10 10 10 757 377 10 419 354 273 242 258 262 10 418 486 519 522 589 488 438 10 404 104 326 296 10 418 519 477 474 564 315 509 521 616 703 515 193 423 973 420 677 61 10 508 13 693 23 222 446 348 10 433 288 632 347 599 315 377 430 572 516 474 454 10 531 594 400 716 648 415 630 569 519 620 34 753 792 488 579 660 254 346 336 356 497
907.5 741 929 941 1098 1290 534 1152 10 33 1302 1049 857 19 671 407 39 838 191 1310 773 18 867 951 863 850 1170 1028 10 748 759 778 865 823 835 951 871 1209 589 861 603 84 1033 821 607 676 727 679 805 793 822 910 1723 981 949 1763 791 853 700 842 1160 1215 1214 713 1412 1245 1134 209 773 896 1367 708 1887 1239 855 1027 1034 1041 972 1127 423 759 1178 763 1021 1018 1161 993 1160 1068 1345 11 1012 1072 945 695 978 676 1145 1112 703 783
139.6 449 10 199 94 299 10 270 10 10 323 322 774 10 160 10 10 74 10 574 60 10 299 703 660 631 218 175 10 520 709 105 73 914 531 476 472 318 351 803 655 10 410 423 562 658 269 420 699 906 98 45 10 201 309 30 257 275 50 46 254 27 279 10 72 10 39 10 137 38 49 571 42 159 205 281 115 146 432 381 10 254 19 946 94 213 79 250 289 342 167 10 441 241 394 247 307 119 586 48 338 101
693.6 561 797 888 1255 1011 353 970 10 103 899 780 512 67 336 336 61 476 297 865 523 78 594 519 599 721 724 852 45 539 513 492 611 537 565 533 599 790 451 516 496 10 719 653 460 517 534 487 538 581 737 584 1314 863 691 1563 725 665 1892 956 794 1269 920 984 1160 1204 999 151 594 771 1186 473 1785 666 592 659 778 514 794 834 647 605 875 486 685 744 623 661 911 842 1014 551 852 803 594 631 643 549 657 635 627 574
251.1 533 24 73 11 145 31 215 11 10 117 172 908 24 119 10 20 21 48 222 544 10 501 755 305 386 396 195 13 734 1095 723 494 1099 806 842 298 367 480 1088 638 10 612 794 572 495 519 461 647 707 466 551 55 271 310 83 429 268 10 61 461 12 591 22 50 113 231 16 692 367 263 614 45 545 512 407 528 474 588 671 16 642 581 1199 590 698 548 717 674 843 252 45 234 314 857 612 547 426 463 455 417 459
406.5 686 133 536 92 687 21 820 36 16 273 158 742 38 107 48 32 81 31 949 573 28 658 676 482 509 729 606 35 651 667 733 741 798 723 807 98 652 384 744 768 54 710 706 730 728 763 592 709 729 914 934 890 482 916 894 594 892 48 187 865 230 1156 165 874 726 371 67 706 668 1292 766 782 722 780 758 1091 771 771 920 57 669 915 697 957 1057 734 777 834 725 1150 53 935 1048 757 658 895 642 695 756 665 774
239.9 516 25 172 146 189 31 317 10 23 684 264 575 22 327 10 10 155 24 611 487 10 412 520 447 437 323 481 21 642 609 707 433 554 535 592 307 466 403 497 357 10 596 613 575 518 638 650 590 606 566 482 172 390 658 281 402 607 79 240 462 184 416 30 208 218 294 56 431 346 336 415 305 604 434 496 504 534 550 439 76 524 553 560 569 591 595 631 661 586 577 10 638 788 523 686 610 615 496 601 432 647
487.4 557 103 308 346 362 169 522 19 10 1064 499 935 10 677 173 98 374 363 1001 923 10 789 913 661 725 650 604 23 852 958 966 655 757 963 1155 928 738 746 1111 824 10 944 1091 812 728 868 625 706 816 894 556 139 546 782 423 536 630 660 343 697 379 647 132 322 277 607 206 779 544 403 764 515 1048 705 944 752 636 896 614 227 545 994 946 813 1041 1094 876 832 990 747 10 929 1031 883 969 831 680 967 1160 550 776
575.1 662 364 688 587 895 187 777 10 53 716 457 611 23 286 163 10 346 58 989 576 17 566 588 638 608 697 703 27 515 651 558 728 776 619 679 403 843 439 527 506 76 751 595 569 600 589 409 587 636 968 901 1162 616 766 1332 676 825 364 607 954 732 1093 445 884 968 779 170 557 620 1025 655 1213 690 563 674 705 659 717 877 204 610 646 555 899 939 796 827 844 809 1181 10 1015 1014 627 737 850 438 683 462 560 666
213.3 452 20 264 177 418 146 412 10 10 306 196 356 10 164 47 10 98 29 625 309 10 295 337 290 354 352 336 10 397 342 320 302 417 355 362 167 413 232 329 277 10 508 408 359 323 474 358 516 580 435 548 423 293 461 580 271 608 247 177 471 206 596 133 376 366 352 92 278 359 568 259 652 390 310 396 497 413 435 469 148 400 652 272 557 470 381 579 708 556 804 10 429 601 381 400 508 321 604 505 436 415
63.2 89 126 58 66 79 163 662 105 124 96 52 164 154 219 10 10 72 117 64 21 89 158 144 82 93 38 52 54 384 50 361 23 79 55 185 14 131 261 79 114 65 285 132 398 39 220 974 43 45 41 168 72 87 139 38 89 204 10 361 92 64 73 60 134 63 105 127 67 120 93 78 29 149 155 271 56 76 201 153 95 97 351 78 1042 103 756 503 188 635 318 92 213 489 130 266 44 116 572 373 92 161
1416.7 1110 495 1840 2316 2232 1195 1944 23 401 2192 2051 1566 457 2638 1679 447 1991 1416 1992 1462 476 1372 1931 1535 1752 1888 1530 205 1446 1739 1289 1027 1713 1789 1971 3313 1994 2037 2370 1727 23 1586 1575 1358 1417 1305 1087 1274 1555 1735 1115 2131 1361 1469 1653 1218 1149 4645 2514 1498 3086 1482 1427 1387 2321 1738 1187 1294 1239 1831 1573 2137 1205 1186 1751 1484 1221 1874 2018 2654 916 2147 2974 1243 1736 1706 1659 1974 1659 2154 3150 1851 1774 2110 1349 1562 1054 2319 1949 1122 979
110.5 10 243 262 271 254 245 209 606 463 117 183 36 555 139 398 540 268 242 29 37 495 62 51 14 60 43 165 605 30 23 29 16 41 26 34 188 46 96 63 38 871 47 45 67 10 17 17 10 10 10 10 154 84 15 125 122 10 139 188 33 90 28 387 192 161 112 419 36 168 97 68 39 44 32 29 31 10 29 69 273 10 35 41 10 10 58 10 10 34 14 120 50 12 18 10 10 35 20 10 10 10
237.8 398 10 67 50 85 73 222 68 10 312 334 614 10 308 38 10 189 39 380 698 23 425 513 402 303 306 213 55 518 564 311 227 731 412 456 425 266 348 645 545 10 397 412 467 510 353 574 478 608 234 62 10 166 390 20 307 219 35 106 251 40 185 10 191 80 76 68 230 247 83 572 10 404 331 237 186 589 242 237 15 278 160 583 135 267 308 332 305 354 174 115 304 268 417 290 215 388 406 470 440 152
160.4 315 40 194 10 269 10 254 38 10 73 40 335 10 20 43 10 10 10 579 242 31 299 291 262 265 291 173 10 272 276 337 335 320 334 300 10 305 102 200 255 10 272 347 263 326 315 244 294 343 399 500 481 157 365 766 315 560 10 10 375 33 463 20 222 408 370 10 310 221 544 323 470 272 337 420 456 387 424 302 10 363 455 238 388 405 323 336 372 281 417 10 501 572 271 241 415 297 222 418 274 330
190 300 40 132 103 391 158 327 21 44 303 553 460 19 299 205 10 271 94 232 141 28 400 516 484 514 206 226 13 339 614 166 120 760 463 437 1225 276 319 571 327 49 267 417 344 311 271 160 408 496 141 130 131 318 231 115 284 163 94 176 261 118 279 40 102 96 97 67 191 116 84 282 85 144 192 185 135 172 302 377 575 279 142 816 163 235 112 219 207 413 125 17 290 216 242 228 253 83 317 88 233 145
1120.3 10 10 10 10 10 10 10 10 10 10 21 10 10 10 10 10 10 169 746 1267 10 10 10 228 130 292 10 10 20 10 280 152 18 10 10 10 194 10 10 31 10 53 87 17 10 85 185 57 598 462 10 10 10 10 445 10 46 10 238 770 10 10 10 10 10 215 10 928 986 10 10 10 10 10 10 10 10 691 156 10 66 10 10 10 56 10 10 10 16 10 163 86 10 554 19 18 13 130 10 10 33
17 117 10 10 10 17 10 179 10 10 266 10 51 10 217 10 10 172 10 17 10 10 55 196 132 206 13 10 10 142 28 1007 10 18 36 46 40 137 19 44 16 10 68 122 139 33 77 322 14 65 10 128 14 42 125 10 15 153 170 575 54 10 41 10 136 10 51 10 23 102 41 10 23 68 77 79 52 110 256 120 18 64 1136 47 478 92 112 998 537 569 403 10 806 104 29 104 90 52 352 78 70 50
127.1 10 396 233 301 220 447 183 559 373 100 179 64 459 284 397 580 243 428 49 56 667 114 124 29 62 86 142 443 37 49 17 38 47 65 63 121 84 186 98 90 488 50 54 17 10 19 11 14 10 57 26 141 143 43 134 159 13 194 152 50 216 59 304 161 155 107 430 117 169 103 66 114 71 32 59 44 10 10 126 241 14 27 93 10 26 50 10 29 61 25 586 33 10 11 11 10 10 22 12 10 10
154.9 17 412 277 267 276 484 217 530 524 146 180 96 574 369 609 621 267 433 47 66 545 147 119 38 48 76 236 525 22 44 24 38 46 53 52 128 104 190 41 105 472 43 40 10 10 22 16 16 14 43 31 232 233 66 144 218 23 215 162 79 230 113 540 207 290 190 640 107 167 109 88 184 94 47 106 36 33 24 140 259 10 32 85 16 33 87 25 22 19 22 617 48 19 34 12 15 22 14 13 17 20
255.2 300 91 365 67 34 136 117 61 94 80 96 105 31 87 223 60 17 62 285 81 87 178 34 113 281 52 192 10 55 25 10 544 42 162 16 23 721 19 18 12 56 10 57 164 234 437 340 54 192 81 602 134 782 74 222 1178 572 395 261 29 327 428 405 22 382 264 60 221 1392 120 455 1008 233 681 574 319 145 160 186 315 233 1265 19 643 1423 237 171 10 449 224 102 312 179 17 150 261 1205 84 65 736 1211
181.3 38 470 330 260 277 495 225 681 508 153 265 112 494 326 501 460 331 436 46 99 565 161 140 58 80 108 137 510 47 49 47 40 91 60 63 246 80 208 114 99 705 58 88 24 47 35 28 54 26 57 37 132 195 59 120 115 10 119 146 62 249 69 459 214 297 178 367 101 112 109 76 187 69 64 54 45 23 47 121 186 24 66 110 32 83 69 12 25 31 22 439 43 27 65 10 34 10 52 10 15 18
28.6 21 10 19 10 10 27 18 10 10 23 25 35 10 10 10 10 19 15 35 40 12 16 16 23 17 26 26 10 18 13 281 106 10 145 39 10 85 10 10 29 10 15 26 134 182 97 86 44 97 369 573 128 84 34 593 397 518 174 149 186 115 264 73 313 375 34 10 120 376 184 193 264 363 319 373 354 569 211 82 26 191 339 10 469 105 772 348 212 161 307 10 253 513 71 267 385 668 233 190 288 415
76 10 697 76 209 136 435 263 716 629 52 215 81 799 10 30 633 227 88 30 94 638 208 127 10 23 109 199 473 53 45 29 28 34 46 39 10 49 159 26 74 10 22 10 10 28 25 22 40 21 37 11 45 64 104 44 198 10 106 106 37 132 63 261 161 195 149 666 49 31 94 70 94 36 18 43 26 10 11 49 164 19 10 96 10 10 42 24 43 10 12 117 10 10 38 10 10 15 49 47 11 10
60.2 11 49 49 167 190 355 50 24 174 1450 52 22 56 13 137 39 96 61 300 278 39 30 225 247 271 51 280 39 443 134 14 18 27 16 25 23 32 118 134 31 10 247 11 82 43 43 948 38 338 10 28 38 70 132 124 57 72 521 69 31 144 33 94 27 26 32 64 36 59 213 107 85 35 27 53 51 41 109 28 137 10 34 52 15 51 79 21 62 67 108 85 90 142 29 44 27 56 41 110 179 174
10 48 374 485 236 30 346 10 1115 65 122 10 114 584 296 56 10 315 887 13 103 10 18 136 11 100 90 156 660 37 86 111 79 65 90 146 452 94 430 101 104 1457 90 92 67 60 47 11 25 14 99 52 317 277 40 219 105 46 267 133 80 10 18 827 382 180 143 716 10 289 94 126 289 61 21 25 83 60 10 10 283 14 144 235 27 28 107 37 47 74 13 760 49 47 82 28 49 58 43 50 45 62
44.4 97 10 10 10 20 10 351 10 10 198 10 25 10 90 10 10 70 10 82 11 10 55 86 100 110 10 10 10 128 10 868 10 15 10 76 10 114 10 18 44 45 116 88 153 11 105 500 15 37 21 113 16 27 141 10 11 192 10 510 36 13 10 10 118 10 45 10 20 37 30 11 27 45 48 113 21 56 211 60 10 37 427 25 548 52 208 609 240 625 296 10 369 236 50 124 50 58 240 118 55 53
219.1 10 362 339 333 280 401 154 540 395 88 215 90 710 473 735 712 440 666 68 139 687 183 113 40 37 90 113 384 35 80 32 63 74 59 128 193 133 210 178 124 998 61 84 10 10 10 10 10 10 81 19 174 134 50 102 120 10 152 227 67 303 67 426 232 131 131 491 110 150 113 114 106 80 47 89 39 10 33 99 284 10 60 106 16 61 93 23 44 67 27 786 54 10 31 10 10 10 33 10 10 10
295.8 10 510 342 374 294 589 201 618 677 152 240 130 696 552 922 963 576 712 105 178 1175 298 161 47 47 127 148 488 60 96 58 80 104 125 172 245 195 345 224 167 1049 78 77 10 10 10 10 11 14 122 31 195 180 54 113 145 10 226 318 63 266 132 368 194 183 151 580 167 182 193 120 104 148 70 147 48 19 33 139 381 13 102 171 21 91 133 18 41 107 22 857 47 10 67 10 10 10 34 10 10 10
139.6 21 557 347 187 212 589 180 717 644 101 266 55 632 189 550 452 293 560 60 89 641 155 64 54 86 116 121 728 51 92 64 60 85 83 99 85 40 132 91 59 739 71 82 46 19 42 34 21 10 90 51 139 171 26 128 138 42 137 122 47 220 76 493 191 198 134 375 158 141 77 58 121 132 55 46 85 41 57 125 212 28 103 133 26 75 97 38 10 76 41 612 23 29 46 22 37 42 45 12 28 43
171.5 301 29 60 151 167 166 282 10 52 207 328 537 10 439 121 43 185 231 171 132 56 361 620 361 341 209 288 24 361 633 155 132 774 506 430 423 217 413 609 451 10 288 377 419 409 246 240 492 536 137 87 33 234 164 40 239 134 326 171 182 93 301 10 57 105 85 251 197 115 107 462 25 174 219 239 140 122 295 396 391 273 87 912 152 280 136 196 255 435 108 10 238 171 212 209 283 105 279 47 261 107
615.4 504 76 227 470 246 286 392 10 104 609 649 519 46 516 449 10 616 384 416 462 10 415 426 644 696 765 428 59 462 452 439 560 385 506 582 747 584 417 615 629 60 593 414 456 528 390 364 397 408 476 431 316 476 519 220 342 351 1412 713 486 610 322 218 351 184 367 383 420 456 384 493 349 426 480 404 442 448 389 439 759 380 391 493 390 509 529 407 403 489 486 86 575 426 511 389 385 339 658 425 350 520
230.3 643 43 143 127 214 144 209 39 71 359 499 754 43 643 54 20 390 73 240 467 13 318 628 693 558 683 188 112 571 685 397 269 1010 237 921 1044 446 822 900 701 10 641 655 493 346 296 461 556 723 107 166 53 174 254 69 130 111 128 213 490 68 261 52 58 46 115 129 310 290 169 190 20 241 200 234 227 288 442 442 144 288 288 845 195 424 197 383 534 272 244 77 193 126 962 236 224 146 617 130 142 259
687.9 561 263 558 1468 537 332 985 10 192 1053 642 503 137 676 147 10 360 447 1027 663 10 569 516 572 676 909 1087 10 632 445 633 678 505 546 637 318 890 574 489 593 10 856 638 498 629 541 500 532 606 796 737 1039 637 878 1132 605 713 2076 1388 767 1665 1112 332 1034 898 686 476 628 780 1513 671 1139 1048 678 795 942 676 923 1080 611 539 869 556 716 865 838 693 1125 750 1175 246 1077 986 732 641 791 532 1047 807 653 584
188.8 10 421 301 426 312 418 257 757 617 137 280 90 524 327 564 545 323 637 58 89 633 160 181 47 84 102 210 450 42 76 35 53 70 90 65 190 77 235 112 85 386 75 87 25 13 39 14 17 16 86 54 238 217 60 190 209 29 280 199 64 340 77 433 255 258 160 466 170 212 154 104 196 95 60 81 72 32 46 169 355 23 88 123 23 68 81 16 41 66 25 678 42 11 34 17 15 20 32 20 15 38
229.7 288 72 96 88 102 58 222 10 10 137 144 349 44 109 27 65 69 48 261 293 10 193 212 204 200 256 156 31 220 227 262 243 277 222 251 68 226 104 285 276 10 268 313 311 300 291 305 320 273 419 524 141 149 420 246 191 499 113 209 396 141 593 78 155 300 486 35 290 189 557 379 375 376 327 524 537 406 439 299 54 306 418 223 415 411 340 438 536 235 642 37 330 510 356 334 478 351 477 477 348 618
242.1 349 10 51 10 40 96 77 10 10 748 186 513 10 155 10 10 93 33 63 299 10 260 626 520 407 304 88 18 880 1227 439 240 190 211 454 323 460 542 689 126 10 179 536 678 69 265 643 468 562 353 924 48 675 199 81 498 262 25 96 877 28 814 17 133 72 321 19 732 679 307 1080 72 995 675 824 948 517 1044 549 44 625 300 1115 562 828 1139 369 367 382 165 37 238 487 621 914 792 183 290 91 662 507
2837.4 1358 1035 4557 2769 1483 1174 1422 10 74 1850 2161 1489 10 1411 1851 10 2948 2094 2877 845 10 2552 1028 1465 2203 1767 3785 10 1760 705 1785 2466 425 2460 1568 40 3802 10 159 1838 10 2858 2291 1760 1930 2195 1137 1537 1618 3733 1542 4711 2583 2020 2926 3160 1401 2974 4097 2097 2943 1930 2650 2822 2774 3694 424 2343 2455 2217 2936 3690 2712 2007 2946 2303 1447 1988 1720 2321 1248 1668 133 2400 2676 3872 2247 1056 3877 1814 849 3302 2389 773 2542 2052 1386 2561 1961 1461 1816
514.9 542 127 368 326 273 68 383 10 36 464 604 642 37 748 204 29 559 181 424 384 23 419 585 592 650 505 442 59 481 459 141 411 610 855 541 884 372 496 583 632 18 631 413 593 692 436 508 548 475 275 315 191 302 293 193 409 347 257 463 311 508 401 205 615 220 311 141 252 265 355 704 302 344 458 464 367 75 444 465 298 458 264 621 312 302 389 403 261 449 231 26 446 416 232 499 415 672 636 178 525 163
500.4 539 87 208 217 250 29 301 21 50 444 456 606 55 752 70 33 385 137 509 393 34 344 562 612 604 531 441 10 466 469 82 366 598 834 610 750 372 355 615 602 10 648 506 584 696 383 486 561 486 214 307 100 227 278 138 294 378 283 353 317 334 431 58 592 114 243 207 232 233 249 671 225 261 426 465 344 48 407 465 152 449 231 641 270 287 385 383 276 478 258 10 446 415 187 480 457 706 627 178 552 132
572.7 685 422 745 683 819 137 884 10 23 925 643 646 10 260 57 10 443 28 1128 630 10 653 611 684 755 828 611 10 602 555 525 705 564 571 634 515 914 497 520 619 10 802 678 613 597 639 553 554 674 754 887 1454 736 879 1453 642 820 178 842 836 621 1036 294 722 977 949 53 709 678 1442 665 1664 857 732 900 954 724 919 853 84 652 717 522 796 896 741 812 1016 742 926 10 1060 990 713 717 859 552 797 820 658 661
662.3 563 48 103 186 172 117 201 10 10 624 430 500 10 298 143 10 367 45 635 335 10 232 271 442 481 436 427 10 531 333 581 323 411 256 561 280 462 270 357 765 10 491 402 371 387 322 598 412 528 162 202 107 174 921 165 185 465 413 227 766 185 197 40 349 304 332 12 400 452 447 254 232 508 630 317 327 210 382 185 189 485 829 228 361 248 612 414 295 281 431 90 704 397 704 316 287 174 431 155 365 541
1124.1 867 90 985 350 232 147 393 10 14 408 537 506 21 121 172 10 518 192 1226 146 16 801 342 578 1005 540 1192 10 588 131 677 1308 90 985 379 26 1027 10 58 628 10 1130 711 955 957 1211 475 652 644 1184 1181 856 936 757 740 1338 994 972 807 750 459 791 349 749 1059 1681 91 1017 938 855 1208 780 615 1292 1207 1096 880 970 861 291 704 257 36 1066 956 1421 971 382 1069 713 10 1079 945 55 1124 1216 993 997 507 927 1121
494 501 88 197 232 201 597 214 10 147 548 651 569 40 651 352 131 686 285 383 663 128 429 455 624 429 628 190 20 566 591 683 413 683 343 622 729 510 510 665 768 38 410 514 363 369 298 446 502 560 133 205 85 308 673 109 316 182 580 346 723 198 299 91 249 183 335 229 431 589 270 346 34 341 380 463 350 334 602 464 674 474 370 506 289 381 374 415 403 336 349 818 452 250 1121 365 208 434 547 233 213 358
1343.5 414 819 2415 1239 1899 453 1557 10 52 1179 1233 599 10 59 237 20 1109 463 1205 373 10 1022 969 721 1181 928 1877 10 983 440 142 1078 128 830 494 10 1312 12 20 703 47 731 698 721 418 1060 466 599 574 986 390 2936 1716 1004 1498 2556 764 547 509 1008 1198 151 715 126 1404 726 135 2231 1411 340 1569 964 531 643 123 955 39 1106 897 612 863 41 111 369 522 932 666 23 748 119 11 1297 611 236 1091 547 220 317 470 521 616
625.2 638 49 398 217 348 484 521 10 62 938 846 787 10 548 702 10 718 58 709 554 10 633 549 811 734 797 663 10 650 664 654 549 732 580 868 1111 866 530 483 708 10 705 661 640 655 654 636 689 659 846 523 422 652 895 308 544 537 825 562 613 481 447 154 484 615 586 75 419 542 512 577 366 511 686 617 602 566 621 493 718 487 797 803 509 559 537 585 542 355 595 58 698 648 517 480 458 691 734 728 698 495
236.9 10 232 239 242 180 441 154 388 394 127 202 135 374 445 676 422 388 402 99 82 767 271 103 52 61 83 80 203 35 70 50 72 83 88 88 163 88 118 119 117 636 55 85 10 10 10 16 10 10 92 32 77 102 36 76 142 17 78 121 43 172 111 270 153 157 109 416 160 163 169 84 132 116 52 107 65 17 48 113 394 10 96 83 18 108 99 14 17 75 30 663 32 15 52 10 10 10 27 10 15 11
1138.2 651 182 664 362 342 981 488 25 93 364 638 505 30 258 451 10 933 265 557 386 10 862 437 574 1273 514 1234 10 626 184 307 946 186 654 457 28 1199 10 44 541 10 961 551 731 742 961 393 564 629 459 674 338 1244 137 190 1323 389 557 412 393 252 359 194 76 544 374 107 1364 834 243 910 149 550 599 581 684 340 927 511 1033 693 316 55 1000 358 636 525 120 890 89 24 787 376 146 1186 410 679 411 165 559 556
914 782 821 1088 729 1468 77 1334 20 10 1223 907 863 11 502 10 10 490 48 1512 902 16 855 778 964 1003 1220 950 10 811 766 849 783 868 844 1017 971 1577 792 875 945 10 1057 889 819 902 837 775 837 991 1030 1010 1695 912 1192 1991 820 993 214 1018 1247 1230 1357 886 1714 1683 1278 108 771 971 1726 892 2519 965 960 1135 1139 959 1279 1160 47 759 1311 822 995 1214 1234 1058 1642 1166 1672 10 1445 1491 920 835 1133 784 1505 1062 901 851
1009.8 666 1100 1460 1200 1577 122 1339 10 36 1276 979 775 18 578 159 10 753 41 1183 801 10 974 962 725 889 1216 1133 10 866 858 748 790 1067 732 984 1084 1363 798 761 749 10 778 750 585 661 598 533 649 657 1030 944 1927 1030 1031 1700 1067 765 371 1094 1222 963 1183 1132 1408 1780 1199 51 961 1114 1370 890 1861 975 640 961 901 845 980 1137 295 685 944 921 855 991 1015 739 1234 951 1161 22 1196 911 1009 680 847 469 936 751 598 542
191.7 581 85 101 40 106 128 197 93 121 102 201 755 82 464 86 102 98 111 165 247 50 268 798 436 624 366 115 79 645 1100 261 151 1017 630 852 390 173 699 1315 924 44 502 754 817 757 346 622 742 975 151 102 36 136 133 36 285 137 79 159 213 63 288 21 57 72 138 293 205 91 59 798 50 262 443 465 201 234 272 303 77 361 115 1252 200 344 173 309 457 513 94 10 106 97 716 336 368 208 792 130 500 190
1039.7 651 155 1221 1581 1637 1820 1575 10 716 1483 2139 1128 299 2642 1716 139 1920 1606 850 596 130 1299 1881 792 1126 1175 1229 340 865 1430 695 551 1589 1236 1302 2538 987 2005 1921 1143 20 1084 1143 562 639 608 564 765 745 619 328 343 1235 992 368 1305 503 1985 1339 878 1050 984 277 582 579 376 1731 942 790 623 1155 216 569 590 633 555 574 895 1763 3268 580 536 2220 525 859 467 699 1106 1647 645 1780 838 582 1002 583 617 400 922 194 596 367
121.9 256 10 73 10 169 10 249 10 10 52 44 429 10 164 10 10 16 10 207 34 10 403 461 225 242 121 196 10 328 558 138 81 933 334 496 10 107 292 386 363 10 321 435 332 402 275 160 521 520 104 43 10 97 135 37 256 147 10 37 96 23 212 10 23 48 29 10 138 58 42 267 16 29 156 93 80 149 186 205 10 175 45 697 103 189 78 158 196 273 69 10 222 174 229 177 134 35 194 20 204 82
675.8 636 714 951 910 1154 132 950 10 16 937 658 626 10 396 30 10 501 56 1078 566 10 606 666 743 792 905 804 10 623 587 644 718 742 671 752 803 1095 502 677 562 10 737 631 551 597 594 467 634 674 867 872 1460 750 894 1720 697 777 257 909 942 859 1075 785 1393 1211 916 59 603 686 1232 603 1770 675 534 807 823 877 877 931 108 645 944 631 844 898 780 873 1403 828 1242 10 1020 902 724 595 829 436 936 711 582 686
257.9 302 32 37 254 119 172 228 10 90 270 413 432 55 539 316 50 335 526 127 233 10 269 517 369 351 322 197 63 395 506 157 205 471 429 440 878 208 586 851 414 10 404 400 394 349 269 327 386 564 118 95 30 141 151 29 135 74 695 269 171 81 185 10 64 39 48 492 178 122 112 299 41 172 201 180 169 166 188 298 660 222 150 872 109 231 150 234 432 337 142 458 199 122 348 258 182 154 563 106 220 155
140.3 110 10 76 31 10 10 33 10 10 71 10 64 10 10 10 10 63 10 341 16 10 94 21 70 106 98 105 14 89 21 188 243 10 132 46 10 174 21 10 105 10 145 88 293 249 234 102 85 115 613 365 326 145 457 254 220 574 48 332 158 174 174 135 104 312 352 10 239 184 178 319 258 338 545 364 302 269 150 115 10 192 75 11 440 249 298 255 128 236 95 10 384 626 135 298 353 549 150 88 370 365
191 10 424 295 294 265 514 206 634 541 129 245 103 589 280 499 645 272 401 73 80 628 177 169 31 31 57 192 516 28 47 39 37 50 99 65 185 65 239 61 59 659 38 37 10 10 16 10 14 10 71 62 209 198 10 187 160 21 140 201 57 318 116 367 228 228 157 489 148 200 80 65 149 112 65 58 89 11 63 160 288 13 92 66 43 40 106 17 10 37 46 394 34 50 45 10 20 12 14 10 10 19
1348.3 743 2277 1896 3129 2095 1056 1995 130 531 1773 1608 934 512 1531 1142 81 1598 831 1256 961 193 1117 1167 911 1234 1382 1769 67 922 961 943 1006 1128 993 1242 1826 1629 1428 1088 1009 117 1149 1015 669 744 772 630 721 731 1299 1013 2144 1497 1275 2219 1232 827 2826 2375 1237 2861 1442 2752 2351 2253 1569 903 1020 1425 1742 1045 2723 1364 806 1080 1168 905 1233 1638 1588 736 1424 1291 941 1250 1305 990 1333 1245 1498 854 1383 987 1097 802 935 591 1207 834 750 821
671.2 626 126 240 866 567 347 509 10 302 828 975 759 78 1362 672 210 744 588 644 1268 296 720 573 745 704 937 461 45 622 654 400 665 900 656 883 1560 842 676 870 1030 10 760 502 476 609 524 551 643 597 533 308 229 401 327 199 402 309 523 695 747 408 375 138 248 106 371 557 384 400 516 527 230 439 568 621 381 404 437 316 768 387 386 745 341 535 551 407 634 571 396 1365 561 378 647 474 422 469 693 625 550 397
15.1 10 10 1445 387 39 27 10 11 10 81 73 87 10 10 58 22 225 929 21 13 10 10 10 10 2041 10 16 10 31 10 10 10 10 22 10 10 10 10 10 207 42 10 10 14 56 43 50 361 10 411 10 10 1314 14 29 117 19 17 10 352 54 145 17 58 10 1135 13 22 763 10 13 23 84 10 10 10 10 1036 10 59 84 10 10 10 61 10 10 10 11 18 10 14 12 10 11 10 10 10 10 598 11
215.5 255 10 41 39 95 46 174 10 10 423 115 173 10 314 60 10 144 196 62 141 10 190 290 239 320 170 278 10 353 603 431 257 109 171 188 218 263 389 343 110 24 285 284 473 133 202 426 300 456 190 664 32 236 165 88 105 274 630 373 375 309 268 35 102 92 422 143 250 392 275 310 91 444 285 240 325 365 540 203 149 326 234 439 327 238 364 191 348 278 256 26 252 621 341 514 581 235 280 112 395 460
251.7 391 49 273 75 351 92 229 31 28 377 546 379 12 162 106 10 246 19 457 247 10 398 470 506 467 339 179 10 333 381 282 289 759 307 442 718 374 193 385 318 54 365 454 252 347 319 176 441 506 172 111 137 223 494 118 222 272 44 65 331 47 244 29 129 121 68 10 171 111 89 218 67 175 157 172 201 232 302 209 96 280 124 771 170 230 123 336 313 323 284 10 326 199 293 182 255 189 280 132 155 202
162.4 373 86 149 501 241 162 332 35 224 515 533 440 35 544 250 15 376 340 120 549 55 239 518 284 390 501 301 438 363 449 427 267 311 292 388 543 139 615 549 187 10 151 421 262 128 163 250 309 276 316 161 196 530 480 351 215 170 546 463 530 506 358 214 313 117 268 185 451 299 258 348 164 412 259 221 404 338 381 507 765 381 351 868 335 359 191 304 556 279 166 537 247 123 441 291 328 200 332 124 318 186
503.2 504 42 215 358 175 283 251 10 49 327 319 340 10 249 249 10 419 311 512 438 19 418 244 355 481 323 411 25 314 173 553 540 178 347 286 226 382 121 205 391 78 546 422 485 612 641 357 395 474 628 686 300 558 757 328 467 641 1475 756 518 565 510 257 485 488 795 185 455 549 679 513 443 842 718 773 874 364 588 381 473 543 430 183 680 538 714 713 356 588 889 259 705 738 455 653 664 688 575 520 658 775
229.4 63 29 10 48 10 22 106 10 12 66 37 10 10 15 27 10 57 42 166 13 27 10 16 80 89 200 15 10 13 10 178 95 10 136 25 10 90 17 10 24 10 144 14 84 133 51 95 39 146 74 478 49 38 55 186 14 581 62 71 392 57 150 95 520 10 62 33 493 261 69 26 512 930 18 51 171 10 189 84 25 182 412 28 56 220 412 42 10 79 898 88 54 563 339 82 31 11 302 10 65 293
1135.9 1005 135 382 389 843 812 1184 10 214 964 3277 1859 49 3356 562 10 2241 1357 615 404 10 1707 3012 1590 1777 1433 679 64 1549 2816 790 591 2543 2059 2184 5211 1594 3145 3349 1716 10 1479 1868 1286 1226 1012 840 1293 1576 636 400 120 1688 491 128 1402 471 1311 1328 1152 276 1389 54 198 167 562 1171 1039 669 322 2014 115 872 1030 1063 648 606 1528 1956 2806 822 580 4152 732 1414 813 922 1443 2210 414 620 667 434 1272 1118 1012 316 1530 249 1035 573
243.2 20 734 366 671 389 610 297 877 708 168 341 116 1002 439 606 884 400 537 60 124 737 189 228 59 83 122 287 849 49 137 82 69 94 106 129 195 179 337 158 118 823 77 120 17 18 34 32 29 34 113 53 238 272 73 195 193 37 195 354 107 380 128 538 326 264 194 648 190 240 177 130 218 169 52 95 79 38 61 178 488 42 125 171 42 107 89 44 56 81 76 652 41 40 130 20 15 29 70 59 10 46
515.3 633 72 342 10 758 10 761 10 25 394 185 689 12 141 30 10 37 44 1045 567 10 599 628 600 724 878 660 10 647 762 775 703 813 605 842 181 921 450 668 603 83 773 604 652 650 654 608 621 714 786 872 909 624 856 1184 743 757 10 263 913 225 1180 66 624 829 529 50 609 439 1361 663 970 954 640 855 1024 808 958 982 23 623 985 745 781 1033 867 885 1048 838 1194 15 979 1144 837 672 809 572 967 938 692 714
136.3 11 664 249 172 173 162 82 360 598 48 188 64 747 220 756 470 275 276 14 93 523 166 92 41 28 20 61 303 10 31 10 13 23 23 38 69 39 130 48 34 441 10 25 10 10 10 10 10 10 28 10 105 76 26 118 73 22 53 65 26 240 37 303 147 151 47 144 71 57 101 69 99 10 54 61 12 10 10 31 151 10 24 34 10 90 58 10 10 16 10 344 20 10 10 10 10 10 13 10 10 10
10 427 10 10 10 10 10 35 10 10 10 10 227 10 18 10 10 10 42 236 1389 10 149 124 128 10 371 30 10 181 242 39 400 195 68 142 10 83 65 287 582 10 195 148 111 508 142 520 554 72 10 14 10 10 10 10 22 16 10 10 62 29 10 10 10 10 10 10 48 10 15 46 10 38 140 60 22 22 83 26 10 96 16 62 133 49 10 90 27 107 19 10 62 27 75 134 113 10 61 10 162 10
246.2 339 220 430 1142 385 211 351 10 10 402 298 255 10 339 416 10 334 198 546 301 45 211 207 355 312 307 424 10 282 250 227 285 364 244 409 506 298 256 357 380 10 420 222 237 386 264 366 338 431 293 265 349 209 533 628 185 326 1810 665 322 909 284 540 374 343 224 253 125 139 251 259 896 294 330 318 241 233 270 227 398 212 392 389 222 234 374 287 328 292 694 418 445 487 232 215 299 454 489 403 483 343
37.1 262 68 269 747 417 55 367 108 10 199 577 242 114 648 582 129 353 55 358 224 102 203 119 284 257 327 325 122 221 231 187 240 327 217 379 457 217 311 316 267 127 383 202 114 250 253 237 270 320 270 143 391 217 321 374 74 206 1293 432 158 497 148 607 111 304 211 78 12 186 167 128 512 256 280 215 104 215 197 126 512 173 280 342 151 183 343 180 293 252 422 202 266 274 219 154 133 318 358 372 344 284
122.1 423 10 10 12 78 10 122 10 10 148 217 749 10 280 10 10 140 44 119 132 10 388 966 364 417 198 149 10 488 792 158 79 843 547 576 987 191 582 1132 687 10 391 558 654 577 331 402 720 906 111 48 10 138 134 10 265 69 64 159 195 10 334 10 10 10 57 166 175 65 55 659 10 199 332 297 119 158 320 395 45 256 77 1133 122 270 99 226 330 555 69 10 152 69 456 292 304 112 607 62 379 106
286.8 23 772 412 374 426 675 288 972 422 190 383 135 468 465 851 869 419 721 79 113 1413 258 234 70 102 141 255 513 61 96 79 74 87 105 122 312 123 350 156 136 890 87 123 30 27 48 37 13 30 89 47 220 224 80 190 234 47 275 126 87 347 84 593 309 307 251 624 203 262 157 138 257 55 73 44 125 64 67 197 405 31 116 167 35 124 95 26 42 44 16 683 58 10 22 29 26 35 54 31 45 38
180.8 10 460 308 389 318 526 113 612 526 159 266 104 592 301 448 520 322 502 74 114 608 162 173 10 101 129 165 593 73 82 80 72 84 97 97 197 103 230 110 102 853 84 107 15 29 29 16 10 10 102 10 194 207 74 167 202 31 150 198 89 403 105 466 235 247 190 497 149 193 127 129 189 110 69 107 43 10 77 173 308 10 10 118 25 101 95 10 58 94 61 543 66 16 71 24 10 32 62 59 15 35
457.5 333 41 394 204 44 376 217 10 53 223 306 278 12 82 265 24 384 22 288 209 87 376 173 361 450 342 765 10 377 112 549 877 104 373 283 40 483 38 51 419 10 536 331 422 459 620 241 334 195 716 443 554 435 332 225 766 591 904 319 270 302 244 253 587 250 494 49 630 508 263 520 367 820 462 344 280 466 265 327 790 459 305 88 403 389 751 363 124 264 757 337 712 600 218 446 287 535 199 395 486 222
383.1 477 260 587 644 740 86 647 52 54 430 397 423 41 225 36 10 233 52 650 413 43 394 404 440 410 517 527 35 450 403 449 429 459 442 463 331 461 376 451 483 10 488 468 432 419 470 492 465 478 501 650 740 438 556 1277 484 664 340 464 542 606 661 503 740 771 602 117 406 519 689 420 1160 517 497 489 416 531 577 582 108 470 545 480 502 546 500 618 566 484 952 18 644 687 469 408 582 479 622 557 490 468
140.5 10 553 363 334 230 364 237 729 609 108 206 51 741 236 349 477 261 432 30 59 457 118 151 37 55 101 177 510 24 58 40 39 52 46 66 220 96 189 78 71 414 41 41 11 19 19 22 18 18 81 36 230 215 61 177 159 27 126 263 73 240 74 528 214 280 157 545 101 259 125 86 144 79 42 61 54 30 38 135 363 20 58 131 20 39 62 24 28 51 34 543 39 27 38 22 14 11 24 10 24 24
746.5 615 102 333 258 328 161 546 105 130 841 841 620 101 203 170 143 450 142 811 523 100 615 441 687 754 852 665 79 653 486 568 671 521 662 644 689 895 336 436 606 10 728 670 666 679 698 583 588 639 816 812 671 527 698 380 724 674 836 1115 917 917 951 252 800 703 1316 102 630 567 1198 790 599 800 703 993 980 796 999 760 218 617 838 496 781 930 796 728 983 655 1104 12 956 880 643 650 866 637 969 1125 645 723
242.4 10 440 314 198 590 447 206 612 553 18 309 42 685 370 799 748 331 610 34 167 792 225 197 22 93 51 159 443 68 117 91 110 107 49 142 324 94 278 128 127 782 103 58 32 20 36 10 23 18 105 19 150 166 16 10 172 16 37 189 35 332 103 448 232 271 178 483 143 197 104 137 10 122 94 119 103 17 10 147 281 20 29 138 19 99 45 29 23 37 10 406 10 14 35 87 22 18 15 10 10 37
958.8 344 283 828 920 908 673 1167 10 159 874 766 428 41 762 148 54 979 176 514 500 37 860 682 321 520 530 1061 10 437 728 455 579 826 535 493 784 724 933 575 416 68 553 481 247 295 357 268 334 318 757 628 1641 1220 678 985 1004 388 383 1244 748 1148 897 622 1020 1238 953 381 978 1028 1016 557 1035 794 357 447 537 443 496 1186 452 411 542 837 528 574 638 552 620 1049 674 16 581 391 629 513 483 262 411 366 369 319
1624 1091 78 983 81 1407 17 1617 55 61 811 611 1897 57 196 51 43 81 48 2055 1771 23 2060 2103 1445 1549 1736 1539 41 1605 2291 1708 1860 2432 2105 2488 89 2474 950 2007 1538 34 1844 2042 1457 1512 1728 951 1382 1542 2455 1605 2185 1282 1813 1831 1764 1280 18 224 2104 341 2518 136 1082 2015 2228 70 1940 1652 2499 2082 1886 2015 1558 2144 1653 1386 2238 1822 10 1182 2202 2116 1921 2435 2076 1761 2027 1963 2150 55 2498 1931 1938 1734 1873 1150 1505 1798 1129 1458
280.1 10 155 95 78 412 480 200 176 125 17 42 121 755 433 843 96 389 733 87 141 705 191 52 58 14 46 36 10 18 27 25 17 109 18 30 28 43 39 49 34 1096 19 129 22 10 19 44 41 48 120 57 214 197 14 141 190 10 245 28 10 195 98 540 29 10 248 446 68 82 17 28 25 134 16 46 12 16 10 31 86 10 48 30 15 117 23 54 49 121 51 169 10 10 12 62 46 10 65 61 50 24
194.7 15 624 252 377 195 431 216 554 518 150 262 65 550 294 589 610 368 526 57 80 524 174 138 29 58 88 197 510 36 64 45 40 62 51 70 152 71 204 90 90 647 52 48 18 11 21 18 12 13 48 31 178 174 55 189 187 27 198 159 64 336 73 417 216 219 183 427 150 158 94 96 206 78 43 72 53 18 44 146 327 13 90 112 14 35 37 27 16 42 33 414 26 11 27 13 17 18 24 13 14 17
817.1 725 740 1074 618 1219 76 1093 18 10 983 842 830 10 511 10 10 533 57 1173 721 10 822 814 753 807 876 889 21 707 726 732 756 812 733 786 663 1098 676 713 735 51 808 716 629 712 639 586 651 716 937 890 1656 751 948 1846 842 823 120 773 1011 899 1232 627 1112 1622 1185 139 861 955 1442 822 1909 966 739 1049 977 787 1053 924 28 672 988 695 815 996 1012 861 986 816 1318 45 1188 1117 869 680 895 610 922 722 734 629
394.4 472 177 423 93 656 19 563 10 36 341 232 450 39 88 31 28 84 31 878 387 10 451 449 416 438 390 443 40 413 396 465 504 448 482 485 44 532 260 392 348 10 492 443 468 485 496 383 491 483 648 550 741 289 562 1225 435 731 10 141 552 186 709 143 431 792 564 22 475 460 789 464 986 497 435 521 598 524 557 372 17 510 644 338 576 610 590 595 571 505 988 10 889 964 506 493 664 394 445 403 425 423
593.9 733 72 377 65 701 96 711 10 124 199 66 996 105 36 57 77 35 146 1406 912 10 979 751 446 370 559 659 85 773 848 1070 1044 941 944 986 53 679 279 727 914 10 924 1032 859 1116 1160 796 845 924 1325 1143 692 297 993 1537 977 1177 110 132 819 118 1330 36 527 1181 1205 158 1118 792 1497 1170 862 1104 1153 1311 1589 960 870 756 108 902 1374 664 1357 1331 1125 1145 1138 929 1300 26 1386 1603 1029 977 1338 860 833 1582 875 991
348.2 10 756 477 560 610 942 274 382 1286 217 502 86 1516 579 857 1348 418 1154 63 81 1333 256 222 37 72 163 354 1038 35 98 42 63 111 84 121 435 168 526 138 152 1102 52 31 27 11 13 10 11 10 121 35 472 292 55 204 356 16 252 476 115 709 138 924 493 541 335 859 167 368 164 116 161 128 29 120 41 26 47 149 628 10 54 136 19 47 132 14 26 96 40 556 81 32 47 10 17 16 23 19 10 10
1719.4 10 5119 4040 2513 3343 7016 1938 6405 4932 984 2703 352 9196 3242 5373 6847 3802 6208 196 241 6382 1168 553 51 109 393 1165 13661 51 305 53 166 399 184 242 2302 937 2190 313 586 4113 74 94 10 10 18 11 10 10 315 71 2500 2478 426 1467 1463 50 1880 2056 397 3168 481 5292 2658 3393 1929 5214 589 2065 428 735 1522 264 41 263 139 10 70 987 5081 10 119 1133 18 62 417 19 11 312 106 5440 386 43 44 10 14 26 24 10 10 10
5783.1 1781 3558 9323 6933 4068 4024 3184 283 1053 3916 5138 2652 167 3580 6611 286 7064 5459 3581 1873 247 4362 2123 2750 3823 3674 6884 129 2940 1512 3063 3597 933 4057 2866 420 6116 130 487 2848 405 4079 3579 2366 2680 2964 1556 1975 2157 5986 2422 8839 6106 3380 5221 5005 1685 9678 8473 3715 9044 3229 8397 5779 6412 6287 1993 4398 5217 4095 5002 6823 4262 2622 4218 3644 2156 3730 3694 8081 1853 2982 473 3067 4258 5936 3015 1788 6391 2771 2601 4853 3235 1421 3183 2722 1803 3663 3377 1909 2303
1481.1 983 216 1881 325 663 56 686 14 10 519 478 795 14 240 17 10 379 114 2204 513 10 1523 478 757 1131 539 2049 19 1093 375 1189 1849 225 1567 646 12 1226 13 103 1026 10 1630 1384 1373 1468 1502 775 993 956 2511 1344 2304 1219 1220 1883 2448 1131 161 848 1162 345 1079 532 1149 1555 2269 62 1333 1236 1149 1872 1857 1551 1638 1714 1615 1054 1044 795 36 965 744 62 1655 1524 2212 1481 351 1985 939 10 2167 1736 343 1787 1454 1009 1017 713 1132 1316
157.1 404 10 10 10 10 10 36 10 10 169 61 353 10 112 10 10 40 10 210 179 10 164 172 316 224 329 44 10 504 315 366 289 580 171 340 86 237 57 219 415 10 296 210 171 214 257 550 369 366 68 79 10 127 314 10 82 58 10 23 346 10 134 10 10 10 14 10 209 135 167 127 10 244 264 178 265 467 395 121 10 307 305 221 210 323 69 482 259 123 413 10 298 126 1116 206 123 280 257 207 185 183
150.8 378 83 120 48 107 93 59 66 78 17 46 260 67 84 45 86 42 69 612 98 57 327 86 48 86 23 121 53 123 65 322 741 40 276 89 32 76 13 20 277 112 220 371 709 1064 840 268 268 223 631 638 105 66 122 200 468 668 22 44 236 39 379 73 52 81 512 64 422 188 224 710 143 366 1047 842 674 422 228 96 59 395 221 30 932 509 503 349 51 275 111 105 508 527 84 708 793 524 204 329 556 672
256.2 497 288 218 79 81 89 148 298 280 42 97 376 326 247 239 46 57 302 740 127 283 444 113 57 109 82 118 243 143 94 410 902 33 340 137 10 104 33 29 390 461 259 491 989 1360 1204 353 335 256 783 828 117 140 167 269 621 808 70 117 313 85 458 112 131 167 645 215 565 263 277 965 220 447 1421 1050 872 515 263 117 43 489 243 19 1188 700 628 372 78 364 151 311 638 696 99 892 933 743 223 412 739 869
410 465 58 232 110 187 73 409 10 10 278 158 323 16 197 56 10 120 57 483 475 34 366 404 315 367 337 381 33 361 317 444 429 348 441 351 135 382 189 319 353 10 450 389 505 472 531 416 459 470 540 684 259 298 454 308 402 555 286 371 573 227 672 130 345 465 649 88 461 389 810 494 520 572 595 608 680 598 588 388 28 508 550 276 628 604 444 510 701 457 597 31 544 654 462 572 702 441 575 711 533 577
517.9 498 238 624 115 1001 10 893 36 22 308 217 577 33 61 19 17 44 24 971 482 28 666 638 420 459 384 581 33 386 574 550 607 691 640 589 10 667 300 491 423 15 719 530 454 438 581 479 510 538 805 819 1352 555 633 1869 694 731 10 103 692 178 934 194 650 1075 670 41 696 624 1341 505 1259 534 511 469 806 542 656 623 22 585 843 560 712 799 604 618 900 712 902 20 738 831 553 535 624 487 399 420 501 560
716.5 535 135 560 704 564 994 583 10 605 1733 764 795 124 2004 1128 28 831 760 478 926 213 630 552 562 510 674 422 78 784 952 611 429 440 535 656 1259 630 1508 876 601 10 475 638 506 343 370 688 458 569 616 646 402 884 505 614 547 583 1777 1363 897 1190 682 323 742 409 625 1743 759 707 424 862 438 749 640 783 593 474 636 744 1458 515 526 986 482 662 813 526 914 805 502 1326 633 581 840 685 658 476 806 407 721 428
52.1 215 10 37 10 10 10 10 10 10 10 10 207 10 10 10 10 10 10 981 67 10 366 46 10 20 10 104 48 171 91 664 618 39 471 123 10 25 10 10 187 10 247 432 874 1061 1166 290 298 233 1432 597 71 10 136 430 756 847 10 10 100 10 315 10 25 327 427 10 597 113 181 724 75 352 785 770 707 420 115 49 10 506 231 10 1096 598 540 598 54 280 64 10 560 1022 59 1024 706 945 92 365 468 860
223.5 417 22 132 160 182 63 292 10 13 518 212 543 10 251 42 10 155 59 514 459 10 459 430 353 376 303 353 10 492 573 684 412 538 445 526 284 278 354 447 346 10 455 578 547 465 564 459 409 484 499 410 129 300 515 188 352 497 142 216 398 144 381 69 141 166 293 88 420 304 277 379 209 547 422 409 465 491 400 309 125 441 484 459 556 565 485 424 535 438 433 11 533 709 453 588 558 525 441 542 368 570
597.3 548 63 328 234 268 415 521 10 90 823 705 621 10 476 496 10 614 70 595 476 10 594 508 632 658 651 627 10 563 599 571 518 691 520 689 915 681 451 365 560 10 624 543 515 524 543 505 560 540 751 514 429 640 772 302 531 471 698 481 566 384 428 186 483 582 497 114 422 492 489 490 353 487 542 497 560 518 518 450 529 463 668 692 447 490 471 505 489 383 535 77 572 518 475 455 418 543 544 536 535 424
327.2 391 43 180 113 123 10 284 10 50 173 104 465 10 174 36 10 84 10 517 504 20 370 364 241 299 253 317 10 377 396 496 408 425 454 478 164 234 287 446 500 17 443 458 441 454 474 469 458 435 477 449 129 182 493 175 311 503 286 298 381 87 383 35 273 284 341 40 389 297 405 414 265 403 421 470 447 505 374 278 116 377 348 419 438 454 442 495 556 379 460 198 337 524 554 436 426 653 502 771 382 533
1966.4 1163 143 1500 136 1888 43 1953 51 47 1150 1241 2019 29 527 47 90 346 41 2134 1709 53 2317 2443 1255 1476 1712 1857 50 1620 2656 1844 1983 2744 2339 2477 25 2531 1289 2273 1608 79 1902 2226 1297 1412 1612 962 1381 1421 2931 1702 2630 1668 1951 2136 2236 1273 23 387 2043 586 2658 192 1519 2546 2726 73 2528 2234 2742 2242 2402 2147 1677 2080 1909 1380 2237 2115 23 1214 2270 2444 1965 2636 2356 1698 1982 2409 1855 95 2537 1824 2191 1671 1830 1179 1473 1979 1104 1440
220.9 353 10 106 10 197 10 229 10 10 147 325 911 10 149 10 10 61 10 320 28 10 744 1110 385 531 182 196 10 750 1237 298 190 1629 964 788 185 429 407 1110 652 10 506 797 591 619 496 294 715 813 309 82 17 343 174 65 819 142 10 26 292 19 533 10 28 72 107 10 391 138 116 937 21 278 380 364 285 200 385 558 10 469 147 1396 245 539 176 390 283 699 68 18 342 234 439 523 389 124 374 51 367 229
597.6 421 62 341 148 190 103 232 48 71 676 234 390 17 224 93 49 271 60 476 673 42 366 288 450 530 503 350 100 556 406 536 477 176 464 393 150 649 183 308 384 123 482 472 475 263 502 564 386 438 496 779 256 613 473 569 603 522 111 187 951 254 453 223 678 343 388 104 630 702 346 726 845 595 694 652 600 615 648 414 106 501 699 342 518 636 820 556 323 387 733 26 372 663 793 657 567 563 760 959 612 602
2219.9 12 5936 4547 3903 3377 9220 2694 8369 5984 1663 2871 716 7800 3305 5414 8152 5049 7777 499 584 8097 1651 1353 126 269 1134 2301 15753 177 755 147 473 877 459 1032 2489 1788 3659 896 993 9692 347 232 14 35 66 31 31 42 754 218 3049 2718 840 1833 1903 159 2941 3148 751 4396 896 6144 3143 3015 2564 8248 1175 2819 1071 1293 2549 784 204 751 439 38 330 1854 5294 19 466 2218 54 312 973 70 70 697 478 7299 855 179 200 53 38 64 165 53 34 32
128.3 359 100 109 99 188 10 191 37 60 120 117 312 124 155 24 77 116 57 326 313 16 200 195 172 221 151 255 124 250 187 342 285 180 349 252 128 190 157 212 389 47 404 235 436 487 505 393 290 310 370 573 153 210 397 312 282 467 225 262 232 165 359 87 166 257 295 180 298 160 436 234 265 289 454 262 522 513 306 183 121 370 406 235 289 296 309 443 159 257 570 24 394 810 253 388 431 476 576 821 504 581
752.7 704 159 268 123 436 249 599 10 142 442 1616 1366 29 1448 136 18 841 259 378 271 53 1295 2117 1031 1100 633 331 74 909 1853 443 324 1705 1259 1224 2347 881 1466 2114 1296 10 876 1155 830 824 613 581 846 955 330 276 68 869 275 68 987 279 171 483 815 149 989 53 118 108 389 300 748 439 207 1515 70 569 726 732 430 361 915 961 549 569 230 2629 459 846 495 536 808 1301 173 41 309 207 821 718 649 226 863 112 760 318
129.3 298 10 45 38 25 10 46 10 10 17 15 200 13 13 10 10 10 10 346 212 10 152 67 74 101 70 137 10 152 85 376 343 81 196 138 10 114 53 72 259 10 255 227 403 572 529 250 280 308 409 504 59 101 386 84 221 528 10 55 230 10 298 10 95 120 417 10 234 140 391 364 108 436 563 632 664 234 289 92 10 401 188 74 506 308 471 523 171 273 471 10 466 658 270 454 520 622 354 405 440 623
196.3 75 10 10 16 10 10 56 10 10 76 23 13 10 17 10 10 89 10 252 11 10 10 28 105 73 317 20 10 18 10 289 115 10 193 41 22 77 10 10 35 10 122 20 71 303 111 124 43 248 60 744 54 22 54 189 28 1030 57 23 538 50 140 61 660 10 87 10 620 200 54 66 588 1265 24 76 211 18 238 48 10 335 624 19 77 294 571 59 10 32 1819 10 67 1330 505 105 40 23 409 10 49 559
1581.4 691 149 901 466 331 503 644 22 55 489 877 634 30 223 501 28 1237 204 753 568 134 1085 526 674 1301 610 1461 10 820 251 416 1130 255 719 553 41 1553 10 62 791 23 1167 745 688 761 968 466 582 638 544 783 466 1577 186 191 1883 438 656 490 522 201 480 180 72 749 666 82 1852 1169 330 1258 204 719 782 801 949 453 993 619 1289 748 391 72 1047 457 756 685 152 969 151 148 966 510 184 1127 508 656 486 248 646 588
494.2 442 39 316 10 536 15 279 14 10 118 63 582 25 20 24 17 25 15 904 417 10 533 411 399 469 477 422 19 502 518 886 700 832 549 601 10 608 60 378 704 10 389 631 450 449 693 461 447 437 629 382 613 151 1000 817 846 685 10 10 715 40 455 44 274 630 620 10 961 918 604 612 353 640 539 561 640 657 540 399 21 546 803 313 675 571 837 628 310 476 560 13 867 681 708 545 495 429 195 334 306 555
922.1 716 621 1149 283 1554 10 1253 19 10 800 607 937 16 211 42 41 210 21 1348 799 12 1050 1007 839 888 1177 982 50 895 997 932 1001 1145 905 1082 88 1261 692 832 836 56 985 980 779 817 933 645 851 890 1071 1005 1932 888 966 2412 1079 985 12 345 1178 498 1348 644 1519 1781 1266 38 1084 1108 1562 946 2137 860 856 931 1223 888 1178 1235 19 793 1236 959 940 1106 952 1032 1319 938 1419 10 1353 1247 963 828 1083 501 909 988 698 806
370 410 223 504 144 702 10 559 10 10 433 335 524 10 160 10 21 150 10 926 362 10 426 401 391 429 448 340 10 352 383 340 398 428 435 538 28 730 257 392 460 10 445 394 372 351 337 362 331 424 548 442 669 357 417 1031 367 527 10 157 558 180 639 232 766 591 256 37 367 357 642 354 772 341 341 433 447 456 456 371 10 314 540 419 382 561 507 404 498 374 664 34 608 632 391 298 385 332 402 256 338 287
928.1 664 1060 1221 1493 1491 552 1235 23 135 1248 1008 758 94 619 571 20 841 208 1127 643 10 799 781 730 884 906 1051 18 739 733 692 757 862 736 842 921 1088 690 714 690 42 904 744 552 595 680 615 635 721 1002 811 1518 925 859 1729 906 825 900 1053 1038 1165 1111 1064 1811 1414 843 318 817 994 1290 767 1728 765 712 743 830 813 943 997 769 627 1011 882 745 888 880 773 1031 912 1192 121 1124 912 809 682 777 534 818 490 710 560
506.3 901 108 558 659 377 589 868 10 249 991 1242 991 10 1832 328 10 1116 611 804 2691 130 956 774 1021 439 2304 720 258 780 953 278 1234 745 466 701 1590 793 1277 1307 1595 223 946 843 462 880 537 978 974 349 126 115 59 343 117 76 302 204 1165 411 527 166 197 20 115 306 167 37 338 254 237 403 13 302 591 357 253 154 594 458 375 349 160 465 445 406 92 354 213 487 200 927 346 149 339 477 395 86 526 82 598 148
765.5 803 10 467 42 147 10 193 10 10 133 143 489 10 45 10 10 106 23 1132 164 10 786 228 328 741 197 752 10 418 112 662 1197 75 931 357 10 713 10 22 647 10 1017 671 968 1019 1109 437 639 547 1217 1070 367 437 577 367 1156 862 24 258 589 128 766 75 355 641 1377 10 918 544 640 977 414 548 1170 1108 946 811 706 440 10 636 172 10 1131 997 1329 973 290 921 551 10 840 955 55 1229 1148 859 902 542 786 997
